14.7, 100, 200, 300, 400, 500, 600, 700, 800, 900, 1000, 1100
0.1, 1, 2, 3, 4, 5, 6, 7, 8, 9, 10, 11, 12, 13, 14, 15, 16, 17, 18, 19, 20, 30, 40, 50, 60, 70, 80, 90, 100
           t         gam           m         rho
   1.1469E+03  1.1599E+00  1.8729E+01  1.9906E-01
   1.0666E+03  1.1584E+00  1.8805E+01  1.2309E-01
   1.2209E+03  1.1490E+00  1.9663E+01  1.3355E+00
   1.1420E+03  1.1479E+00  1.9759E+01  8.2472E-01
   1.2599E+03  1.1441E+00  2.0202E+01  2.6594E+00
   1.1798E+03  1.1438E+00  2.0280E+01  1.6411E+00
   1.2852E+03  1.1407E+00  2.0572E+01  3.9820E+00
   1.2042E+03  1.1410E+00  2.0633E+01  2.4562E+00
   1.3043E+03  1.1381E+00  2.0861E+01  5.3051E+00
   1.2224E+03  1.1389E+00  2.0906E+01  3.2712E+00
   1.3196E+03  1.1359E+00  2.1100E+01  6.6295E+00
   1.2370E+03  1.1371E+00  2.1131E+01  4.0865E+00
   1.3325E+03  1.1340E+00  2.1305E+01  7.9554E+00
   1.2493E+03  1.1355E+00  2.1324E+01  4.9025E+00
   1.3435E+03  1.1323E+00  2.1486E+01  9.2829E+00
   1.2599E+03  1.1342E+00  2.1493E+01  5.7193E+00
   1.3533E+03  1.1308E+00  2.1648E+01  1.0612E+01
   1.2692E+03  1.1329E+00  2.1644E+01  6.5368E+00
   1.3620E+03  1.1294E+00  2.1795E+01  1.1943E+01
   1.2776E+03  1.1318E+00  2.1781E+01  7.3552E+00
   1.3698E+03  1.1281E+00  2.1930E+01  1.3276E+01
   1.2851E+03  1.1307E+00  2.1907E+01  8.1743E+00
   1.3770E+03  1.1269E+00  2.2055E+01  1.4610E+01
   1.2920E+03  1.1297E+00  2.2023E+01  8.9944E+00
   1.8023E+03  1.2032E+00  1.9824E+01  1.3408E-01
   1.6318E+03  1.2132E+00  1.9826E+01  8.3195E-02
   1.8061E+03  1.2034E+00  1.9857E+01  9.1170E-01
   1.6357E+03  1.2126E+00  1.9862E+01  5.6577E-01
   1.8097E+03  1.2027E+00  1.9893E+01  1.8231E+00
   1.6398E+03  1.2115E+00  1.9901E+01  1.1313E+00
   1.8131E+03  1.2020E+00  1.9928E+01  2.7343E+00
   1.6437E+03  1.2105E+00  1.9938E+01  1.6967E+00
   1.8163E+03  1.2013E+00  1.9962E+01  3.6454E+00
   1.6474E+03  1.2096E+00  1.9973E+01  2.2619E+00
   1.8194E+03  1.2006E+00  1.9994E+01  4.5563E+00
   1.6509E+03  1.2088E+00  2.0007E+01  2.8271E+00
   1.8224E+03  1.2000E+00  2.0025E+01  5.4672E+00
   1.6543E+03  1.2079E+00  2.0040E+01  3.3920E+00
   1.8253E+03  1.1993E+00  2.0055E+01  6.3779E+00
   1.6575E+03  1.2072E+00  2.0071E+01  3.9569E+00
   1.8281E+03  1.1987E+00  2.0085E+01  7.2887E+00
   1.6606E+03  1.2064E+00  2.0102E+01  4.5217E+00
   1.8307E+03  1.1981E+00  2.0113E+01  8.1994E+00
   1.6636E+03  1.2058E+00  2.0131E+01  5.0864E+00
   1.8333E+03  1.1975E+00  2.0141E+01  9.1101E+00
   1.6665E+03  1.2051E+00  2.0159E+01  5.6511E+00
   1.8358E+03  1.1969E+00  2.0168E+01  1.0021E+01
   1.6693E+03  1.2045E+00  2.0187E+01  6.2157E+00
   2.2193E+03  1.1986E+00  2.0462E+01  1.1239E-01
   2.0072E+03  1.2251E+00  2.0486E+01  6.9561E-02
   2.2305E+03  1.2048E+00  2.0490E+01  7.6177E-01
   2.0109E+03  1.2296E+00  2.0500E+01  4.7195E-01
   2.2331E+03  1.2060E+00  2.0501E+01  1.5225E+00
   2.0122E+03  1.2303E+00  2.0508E+01  9.4346E-01
   2.2346E+03  1.2064E+00  2.0509E+01  2.2832E+00
   2.0131E+03  1.2305E+00  2.0515E+01  1.4149E+00
   2.2358E+03  1.2065E+00  2.0517E+01  3.0439E+00
   2.0140E+03  1.2306E+00  2.0521E+01  1.8864E+00
   2.2367E+03  1.2066E+00  2.0524E+01  3.8045E+00
   2.0147E+03  1.2305E+00  2.0527E+01  2.3578E+00
   2.2375E+03  1.2066E+00  2.0530E+01  4.5652E+00
   2.0155E+03  1.2305E+00  2.0534E+01  2.8293E+00
   2.2383E+03  1.2066E+00  2.0537E+01  5.3259E+00
   2.0162E+03  1.2304E+00  2.0540E+01  3.3007E+00
   2.2390E+03  1.2065E+00  2.0543E+01  6.0867E+00
   2.0169E+03  1.2303E+00  2.0546E+01  3.7722E+00
   2.2397E+03  1.2064E+00  2.0550E+01  6.8475E+00
   2.0175E+03  1.2301E+00  2.0552E+01  4.2438E+00
   2.2404E+03  1.2063E+00  2.0556E+01  7.6083E+00
   2.0182E+03  1.2300E+00  2.0558E+01  4.7153E+00
   2.2411E+03  1.2062E+00  2.0562E+01  8.3692E+00
   2.0189E+03  1.2299E+00  2.0563E+01  5.1868E+00
   2.4505E+03  1.1877E+00  2.0748E+01  1.0321E-01
   2.2291E+03  1.2187E+00  2.0808E+01  6.3743E-02
   2.4795E+03  1.2607E+00  2.0811E+01  6.9602E-01
   2.2405E+03  1.2291E+00  2.0839E+01  4.3052E-01
   2.4875E+03  1.2664E+00  2.0827E+01  1.3886E+00
   2.2429E+03  1.2312E+00  2.0847E+01  8.5985E-01
   2.4914E+03  1.2691E+00  2.0835E+01  2.0804E+00
   2.2442E+03  1.2321E+00  2.0852E+01  1.2890E+00
   2.4940E+03  1.2707E+00  2.0841E+01  2.7718E+00
   2.2450E+03  1.2326E+00  2.0855E+01  1.7180E+00
   2.4959E+03  1.2717E+00  2.0846E+01  3.4629E+00
   2.2456E+03  1.2330E+00  2.0859E+01  2.1470E+00
   2.4974E+03  1.2724E+00  2.0850E+01  4.1537E+00
   2.2462E+03  1.2332E+00  2.0862E+01  2.5760E+00
   2.4987E+03  1.2729E+00  2.0853E+01  4.8444E+00
   2.2467E+03  1.2334E+00  2.0864E+01  3.0050E+00
   2.4999E+03  1.2733E+00  2.0857E+01  5.5348E+00
   2.2471E+03  1.2335E+00  2.0867E+01  3.4340E+00
   2.5009E+03  1.2735E+00  2.0860E+01  6.2251E+00
   2.2475E+03  1.2336E+00  2.0870E+01  3.8629E+00
   2.5018E+03  1.2737E+00  2.0863E+01  6.9153E+00
   2.2478E+03  1.2337E+00  2.0872E+01  4.2919E+00
   2.5026E+03  1.2739E+00  2.0866E+01  7.6053E+00
   2.2482E+03  1.2337E+00  2.0875E+01  4.7209E+00
   2.8353E+03  1.1831E+00  2.2204E+01  9.5459E-02
   2.6119E+03  1.1990E+00  2.2414E+01  5.9028E-02
   2.9514E+03  1.2109E+00  2.2413E+01  6.2971E-01
   2.6744E+03  1.2293E+00  2.2555E+01  3.9055E-01
   2.9844E+03  1.2209E+00  2.2473E+01  1.2489E+00
   2.6892E+03  1.2389E+00  2.2590E+01  7.7551E-01
   3.0012E+03  1.2265E+00  2.2504E+01  1.8653E+00
   2.6963E+03  1.2439E+00  2.2608E+01  1.1592E+00
   3.0121E+03  1.2303E+00  2.2524E+01  2.4803E+00
   2.7006E+03  1.2471E+00  2.2618E+01  1.5421E+00
   3.0199E+03  1.2331E+00  2.2538E+01  3.0944E+00
   2.7037E+03  1.2495E+00  2.2626E+01  1.9246E+00
   3.0260E+03  1.2353E+00  2.2550E+01  3.7077E+00
   2.7060E+03  1.2513E+00  2.2631E+01  2.3068E+00
   3.0308E+03  1.2372E+00  2.2559E+01  4.3205E+00
   2.7078E+03  1.2528E+00  2.2636E+01  2.6888E+00
   3.0348E+03  1.2387E+00  2.2566E+01  4.9328E+00
   2.7092E+03  1.2540E+00  2.2640E+01  3.0705E+00
   3.0382E+03  1.2400E+00  2.2572E+01  5.5448E+00
   2.7105E+03  1.2550E+00  2.2643E+01  3.4521E+00
   3.0411E+03  1.2412E+00  2.2578E+01  6.1565E+00
   2.7115E+03  1.2559E+00  2.2646E+01  3.8336E+00
   3.0436E+03  1.2422E+00  2.2583E+01  6.7680E+00
   2.7124E+03  1.2566E+00  2.2648E+01  4.2149E+00
   3.0059E+03  1.1490E+00  2.3652E+01  9.5913E-02
   2.8307E+03  1.1541E+00  2.3960E+01  5.9164E-02
   3.1861E+03  1.1699E+00  2.3995E+01  6.2452E-01
   2.9609E+03  1.1797E+00  2.4250E+01  3.8590E-01
   3.2450E+03  1.1785E+00  2.4109E+01  1.2321E+00
   2.9991E+03  1.1900E+00  2.4338E+01  7.6195E-01
   3.2773E+03  1.1838E+00  2.4171E+01  1.8347E+00
   3.0189E+03  1.1960E+00  2.4383E+01  1.1352E+00
   3.2991E+03  1.1875E+00  2.4213E+01  2.4344E+00
   3.0318E+03  1.2003E+00  2.4414E+01  1.5068E+00
   3.3154E+03  1.1905E+00  2.4244E+01  3.0320E+00
   3.0411E+03  1.2036E+00  2.4435E+01  1.8772E+00
   3.3281E+03  1.1929E+00  2.4269E+01  3.6282E+00
   3.0483E+03  1.2062E+00  2.4452E+01  2.2469E+00
   3.3386E+03  1.1949E+00  2.4290E+01  4.2231E+00
   3.0540E+03  1.2084E+00  2.4466E+01  2.6159E+00
   3.3475E+03  1.1967E+00  2.4307E+01  4.8171E+00
   3.0588E+03  1.2102E+00  2.4478E+01  2.9845E+00
   3.3550E+03  1.1983E+00  2.4322E+01  5.4102E+00
   3.0628E+03  1.2118E+00  2.4487E+01  3.3525E+00
   3.3617E+03  1.1996E+00  2.4334E+01  6.0027E+00
   3.0663E+03  1.2133E+00  2.4496E+01  3.7203E+00
   3.3676E+03  1.2009E+00  2.4346E+01  6.5945E+00
   3.0694E+03  1.2145E+00  2.4503E+01  4.0877E+00
   3.0562E+03  1.1349E+00  2.4680E+01  9.8438E-02
   2.9062E+03  1.1333E+00  2.5039E+01  6.0685E-02
   3.2676E+03  1.1494E+00  2.5104E+01  6.3708E-01
   3.0808E+03  1.1495E+00  2.5434E+01  3.9327E-01
   3.3425E+03  1.1552E+00  2.5255E+01  1.2531E+00
   3.1397E+03  1.1564E+00  2.5569E+01  7.7395E-01
   3.3852E+03  1.1587E+00  2.5342E+01  1.8623E+00
   3.1726E+03  1.1607E+00  2.5644E+01  1.1505E+00
   3.4150E+03  1.1614E+00  2.5402E+01  2.4673E+00
   3.1950E+03  1.1639E+00  2.5696E+01  1.5246E+00
   3.4378E+03  1.1634E+00  2.5449E+01  3.0693E+00
   3.2119E+03  1.1665E+00  2.5735E+01  1.8969E+00
   3.4561E+03  1.1651E+00  2.5486E+01  3.6690E+00
   3.2253E+03  1.1686E+00  2.5766E+01  2.2678E+00
   3.4713E+03  1.1666E+00  2.5517E+01  4.2668E+00
   3.2363E+03  1.1705E+00  2.5792E+01  2.6376E+00
   3.4844E+03  1.1679E+00  2.5543E+01  4.8632E+00
   3.2457E+03  1.1721E+00  2.5813E+01  3.0066E+00
   3.4958E+03  1.1690E+00  2.5566E+01  5.4582E+00
   3.2537E+03  1.1735E+00  2.5832E+01  3.3747E+00
   3.5058E+03  1.1701E+00  2.5587E+01  6.0520E+00
   3.2608E+03  1.1748E+00  2.5849E+01  3.7422E+00
   3.5149E+03  1.1710E+00  2.5605E+01  6.6449E+00
   3.2671E+03  1.1760E+00  2.5863E+01  4.1091E+00
   3.0597E+03  1.1299E+00  2.5443E+01  1.0137E-01
   2.9186E+03  1.1263E+00  2.5821E+01  6.2474E-02
   3.2791E+03  1.1417E+00  2.5902E+01  6.5504E-01
   3.1078E+03  1.1382E+00  2.6263E+01  4.0424E-01
   3.3590E+03  1.1461E+00  2.6071E+01  1.2872E+00
   3.1752E+03  1.1429E+00  2.6421E+01  7.9475E-01
   3.4055E+03  1.1488E+00  2.6169E+01  1.9117E+00
   3.2141E+03  1.1457E+00  2.6513E+01  1.1806E+00
   3.4383E+03  1.1506E+00  2.6239E+01  2.5313E+00
   3.2414E+03  1.1478E+00  2.6577E+01  1.5635E+00
   3.4636E+03  1.1521E+00  2.6292E+01  3.1474E+00
   3.2622E+03  1.1494E+00  2.6627E+01  1.9444E+00
   3.4842E+03  1.1534E+00  2.6336E+01  3.7608E+00
   3.2791E+03  1.1507E+00  2.6667E+01  2.3236E+00
   3.5015E+03  1.1544E+00  2.6373E+01  4.3721E+00
   3.2933E+03  1.1519E+00  2.6700E+01  2.7015E+00
   3.5164E+03  1.1553E+00  2.6405E+01  4.9814E+00
   3.3054E+03  1.1529E+00  2.6729E+01  3.0783E+00
   3.5295E+03  1.1561E+00  2.6432E+01  5.5892E+00
   3.3161E+03  1.1538E+00  2.6754E+01  3.4541E+00
   3.5412E+03  1.1568E+00  2.6457E+01  6.1955E+00
   3.3255E+03  1.1546E+00  2.6776E+01  3.8291E+00
   3.5517E+03  1.1574E+00  2.6480E+01  6.8006E+00
   3.3340E+03  1.1554E+00  2.6796E+01  4.2033E+00
   3.0460E+03  1.1279E+00  2.6034E+01  1.0419E-01
   2.9082E+03  1.1239E+00  2.6418E+01  6.4202E-02
   3.2636E+03  1.1387E+00  2.6504E+01  6.7342E-01
   3.0981E+03  1.1344E+00  2.6873E+01  4.1550E-01
   3.3435E+03  1.1427E+00  2.6678E+01  1.3233E+00
   3.1669E+03  1.1383E+00  2.7040E+01  8.1684E-01
   3.3902E+03  1.1450E+00  2.6780E+01  1.9651E+00
   3.2069E+03  1.1406E+00  2.7137E+01  1.2133E+00
   3.4233E+03  1.1466E+00  2.6853E+01  2.6018E+00
   3.2352E+03  1.1423E+00  2.7206E+01  1.6067E+00
   3.4490E+03  1.1479E+00  2.6909E+01  3.2349E+00
   3.2570E+03  1.1436E+00  2.7259E+01  1.9980E+00
   3.4699E+03  1.1489E+00  2.6955E+01  3.8651E+00
   3.2748E+03  1.1446E+00  2.7302E+01  2.3874E+00
   3.4875E+03  1.1498E+00  2.6994E+01  4.4929E+00
   3.2897E+03  1.1455E+00  2.7338E+01  2.7755E+00
   3.5028E+03  1.1506E+00  2.7028E+01  5.1188E+00
   3.3026E+03  1.1463E+00  2.7370E+01  3.1624E+00
   3.5162E+03  1.1512E+00  2.7057E+01  5.7429E+00
   3.3139E+03  1.1470E+00  2.7397E+01  3.5483E+00
   3.5282E+03  1.1518E+00  2.7084E+01  6.3655E+00
   3.3240E+03  1.1476E+00  2.7422E+01  3.9332E+00
   3.5390E+03  1.1523E+00  2.7108E+01  6.9868E+00
   3.3331E+03  1.1482E+00  2.7444E+01  4.3173E+00
   3.0256E+03  1.1273E+00  2.6504E+01  1.0678E-01
   2.8888E+03  1.1233E+00  2.6888E+01  6.5797E-02
   3.2376E+03  1.1378E+00  2.6973E+01  6.9084E-01
   3.0740E+03  1.1335E+00  2.7342E+01  4.2620E-01
   3.3154E+03  1.1416E+00  2.7147E+01  1.3580E+00
   3.1411E+03  1.1372E+00  2.7508E+01  8.3815E-01
   3.3609E+03  1.1438E+00  2.7249E+01  2.0170E+00
   3.1802E+03  1.1394E+00  2.7606E+01  1.2452E+00
   3.3931E+03  1.1454E+00  2.7321E+01  2.6708E+00
   3.2079E+03  1.1410E+00  2.7674E+01  1.6491E+00
   3.4181E+03  1.1466E+00  2.7378E+01  3.3209E+00
   3.2292E+03  1.1422E+00  2.7728E+01  2.0508E+00
   3.4385E+03  1.1476E+00  2.7424E+01  3.9682E+00
   3.2466E+03  1.1432E+00  2.7771E+01  2.4508E+00
   3.4557E+03  1.1484E+00  2.7463E+01  4.6130E+00
   3.2612E+03  1.1441E+00  2.7808E+01  2.8493E+00
   3.4706E+03  1.1491E+00  2.7497E+01  5.2559E+00
   3.2739E+03  1.1448E+00  2.7839E+01  3.2466E+00
   3.4837E+03  1.1497E+00  2.7526E+01  5.8970E+00
   3.2850E+03  1.1454E+00  2.7867E+01  3.6429E+00
   3.4954E+03  1.1503E+00  2.7553E+01  6.5366E+00
   3.2949E+03  1.1460E+00  2.7892E+01  4.0383E+00
   3.5060E+03  1.1508E+00  2.7577E+01  7.1748E+00
   3.3039E+03  1.1465E+00  2.7915E+01  4.4328E+00
   3.0026E+03  1.1274E+00  2.6887E+01  1.0915E-01
   2.8657E+03  1.1236E+00  2.7267E+01  6.7256E-02
   3.2074E+03  1.1378E+00  2.7348E+01  7.0705E-01
   3.0438E+03  1.1339E+00  2.7712E+01  4.3618E-01
   3.2821E+03  1.1417E+00  2.7518E+01  1.3905E+00
   3.1079E+03  1.1378E+00  2.7874E+01  8.5817E-01
   3.3258E+03  1.1439E+00  2.7618E+01  2.0658E+00
   3.1452E+03  1.1400E+00  2.7968E+01  1.2753E+00
   3.3567E+03  1.1455E+00  2.7689E+01  2.7361E+00
   3.1715E+03  1.1416E+00  2.8035E+01  1.6893E+00
   3.3806E+03  1.1467E+00  2.7744E+01  3.4027E+00
   3.1918E+03  1.1429E+00  2.8086E+01  2.1012E+00
   3.4001E+03  1.1477E+00  2.7789E+01  4.0664E+00
   3.2082E+03  1.1439E+00  2.8128E+01  2.5113E+00
   3.4165E+03  1.1485E+00  2.7827E+01  4.7278E+00
   3.2221E+03  1.1448E+00  2.8164E+01  2.9200E+00
   3.4307E+03  1.1493E+00  2.7860E+01  5.3872E+00
   3.2341E+03  1.1455E+00  2.8194E+01  3.3275E+00
   3.4432E+03  1.1499E+00  2.7889E+01  6.0449E+00
   3.2446E+03  1.1462E+00  2.8221E+01  3.7340E+00
   3.4543E+03  1.1505E+00  2.7914E+01  6.7011E+00
   3.2540E+03  1.1468E+00  2.8245E+01  4.1396E+00
   3.4644E+03  1.1510E+00  2.7938E+01  7.3559E+00
   3.2624E+03  1.1474E+00  2.8267E+01  4.5444E+00
   2.9787E+03  1.1279E+00  2.7203E+01  1.1132E-01
   2.8409E+03  1.1245E+00  2.7578E+01  6.8593E-02
   3.1756E+03  1.1385E+00  2.7652E+01  7.2208E-01
   3.0108E+03  1.1352E+00  2.8008E+01  4.4544E-01
   3.2470E+03  1.1425E+00  2.7817E+01  1.4208E+00
   3.0715E+03  1.1393E+00  2.8164E+01  8.7688E-01
   3.2885E+03  1.1448E+00  2.7914E+01  2.1117E+00
   3.1065E+03  1.1417E+00  2.8254E+01  1.3035E+00
   3.3178E+03  1.1464E+00  2.7982E+01  2.7975E+00
   3.1311E+03  1.1434E+00  2.8317E+01  1.7272E+00
   3.3404E+03  1.1477E+00  2.8035E+01  3.4798E+00
   3.1500E+03  1.1448E+00  2.8366E+01  2.1487E+00
   3.3588E+03  1.1487E+00  2.8078E+01  4.1592E+00
   3.1654E+03  1.1459E+00  2.8406E+01  2.5686E+00
   3.3743E+03  1.1496E+00  2.8114E+01  4.8364E+00
   3.1782E+03  1.1468E+00  2.8439E+01  2.9870E+00
   3.3877E+03  1.1504E+00  2.8146E+01  5.5116E+00
   3.1893E+03  1.1476E+00  2.8468E+01  3.4043E+00
   3.3995E+03  1.1511E+00  2.8173E+01  6.1852E+00
   3.1990E+03  1.1484E+00  2.8493E+01  3.8206E+00
   3.4099E+03  1.1517E+00  2.8198E+01  6.8573E+00
   3.2077E+03  1.1490E+00  2.8516E+01  4.2361E+00
   3.4194E+03  1.1522E+00  2.8220E+01  7.5282E+00
   3.2155E+03  1.1496E+00  2.8536E+01  4.6507E+00
   2.9547E+03  1.1287E+00  2.7468E+01  1.1332E-01
   2.8155E+03  1.1259E+00  2.7837E+01  6.9823E-02
   3.1436E+03  1.1397E+00  2.7903E+01  7.3606E-01
   2.9769E+03  1.1372E+00  2.8249E+01  4.5408E-01
   3.2114E+03  1.1438E+00  2.8062E+01  1.4492E+00
   3.0337E+03  1.1415E+00  2.8396E+01  8.9441E-01
   3.2506E+03  1.1462E+00  2.8154E+01  2.1546E+00
   3.0662E+03  1.1441E+00  2.8481E+01  1.3301E+00
   3.2783E+03  1.1480E+00  2.8219E+01  2.8552E+00
   3.0890E+03  1.1460E+00  2.8541E+01  1.7629E+00
   3.2995E+03  1.1493E+00  2.8269E+01  3.5523E+00
   3.1065E+03  1.1474E+00  2.8586E+01  2.1936E+00
   3.3168E+03  1.1504E+00  2.8310E+01  4.2468E+00
   3.1206E+03  1.1487E+00  2.8623E+01  2.6227E+00
   3.3313E+03  1.1514E+00  2.8345E+01  4.9390E+00
   3.1324E+03  1.1497E+00  2.8654E+01  3.0505E+00
   3.3438E+03  1.1522E+00  2.8374E+01  5.6293E+00
   3.1425E+03  1.1506E+00  2.8681E+01  3.4771E+00
   3.3548E+03  1.1529E+00  2.8401E+01  6.3181E+00
   3.1513E+03  1.1514E+00  2.8704E+01  3.9029E+00
   3.3645E+03  1.1535E+00  2.8424E+01  7.0055E+00
   3.1592E+03  1.1521E+00  2.8725E+01  4.3277E+00
   3.3733E+03  1.1541E+00  2.8445E+01  7.6916E+00
   3.1663E+03  1.1528E+00  2.8744E+01  4.7519E+00
   2.9312E+03  1.1298E+00  2.7692E+01  1.1516E-01
   2.7902E+03  1.1276E+00  2.8053E+01  7.0962E-02
   3.1119E+03  1.1412E+00  2.8112E+01  7.4912E-01
   2.9426E+03  1.1396E+00  2.8446E+01  4.6215E-01
   3.1761E+03  1.1455E+00  2.8263E+01  1.4759E+00
   2.9955E+03  1.1443E+00  2.8585E+01  9.1089E-01
   3.2130E+03  1.1481E+00  2.8351E+01  2.1951E+00
   3.0256E+03  1.1471E+00  2.8664E+01  1.3551E+00
   3.2390E+03  1.1499E+00  2.8413E+01  2.9097E+00
   3.0465E+03  1.1491E+00  2.8719E+01  1.7966E+00
   3.2589E+03  1.1514E+00  2.8460E+01  3.6209E+00
   3.0624E+03  1.1507E+00  2.8761E+01  2.2361E+00
   3.2750E+03  1.1525E+00  2.8498E+01  4.3296E+00
   3.0752E+03  1.1521E+00  2.8795E+01  2.6740E+00
   3.2885E+03  1.1535E+00  2.8531E+01  5.0362E+00
   3.0859E+03  1.1532E+00  2.8824E+01  3.1107E+00
   3.3001E+03  1.1544E+00  2.8559E+01  5.7410E+00
   3.0951E+03  1.1542E+00  2.8848E+01  3.5463E+00
   3.3102E+03  1.1552E+00  2.8583E+01  6.4443E+00
   3.1030E+03  1.1551E+00  2.8869E+01  3.9810E+00
   3.3193E+03  1.1559E+00  2.8605E+01  7.1462E+00
   3.1101E+03  1.1558E+00  2.8888E+01  4.4150E+00
   3.3274E+03  1.1565E+00  2.8624E+01  7.8470E+00
   3.1164E+03  1.1566E+00  2.8905E+01  4.8482E+00
   2.9081E+03  1.1311E+00  2.7883E+01  1.1688E-01
   2.7650E+03  1.1295E+00  2.8236E+01  7.2021E-02
   3.0808E+03  1.1430E+00  2.8287E+01  7.6139E-01
   2.9086E+03  1.1424E+00  2.8609E+01  4.6975E-01
   3.1414E+03  1.1476E+00  2.8431E+01  1.5010E+00
   2.9575E+03  1.1475E+00  2.8738E+01  9.2645E-01
   3.1761E+03  1.1503E+00  2.8514E+01  2.2333E+00
   2.9851E+03  1.1505E+00  2.8811E+01  1.3788E+00
   3.2004E+03  1.1523E+00  2.8572E+01  2.9613E+00
   3.0041E+03  1.1527E+00  2.8862E+01  1.8286E+00
   3.2189E+03  1.1538E+00  2.8616E+01  3.6860E+00
   3.0185E+03  1.1545E+00  2.8901E+01  2.2764E+00
   3.2339E+03  1.1550E+00  2.8652E+01  4.4083E+00
   3.0301E+03  1.1559E+00  2.8932E+01  2.7228E+00
   3.2464E+03  1.1561E+00  2.8682E+01  5.1286E+00
   3.0397E+03  1.1572E+00  2.8957E+01  3.1680E+00
   3.2571E+03  1.1570E+00  2.8708E+01  5.8472E+00
   3.0479E+03  1.1582E+00  2.8980E+01  3.6122E+00
   3.2665E+03  1.1579E+00  2.8731E+01  6.5644E+00
   3.0550E+03  1.1592E+00  2.8999E+01  4.0556E+00
   3.2748E+03  1.1586E+00  2.8751E+01  7.2803E+00
   3.0613E+03  1.1600E+00  2.9016E+01  4.4982E+00
   3.2823E+03  1.1593E+00  2.8769E+01  7.9952E+00
   3.0669E+03  1.1608E+00  2.9031E+01  4.9402E+00
   2.8857E+03  1.1326E+00  2.8047E+01  1.1848E-01
   2.7402E+03  1.1318E+00  2.8391E+01  7.3012E-02
   3.0505E+03  1.1451E+00  2.8435E+01  7.7297E-01
   2.8750E+03  1.1456E+00  2.8744E+01  4.7693E-01
   3.1076E+03  1.1499E+00  2.8571E+01  1.5248E+00
   2.9200E+03  1.1510E+00  2.8864E+01  9.4122E-01
   3.1402E+03  1.1528E+00  2.8649E+01  2.2697E+00
   2.9452E+03  1.1543E+00  2.8931E+01  1.4014E+00
   3.1627E+03  1.1548E+00  2.8703E+01  3.0103E+00
   2.9624E+03  1.1567E+00  2.8977E+01  1.8590E+00
   3.1799E+03  1.1564E+00  2.8745E+01  3.7479E+00
   2.9754E+03  1.1586E+00  2.9012E+01  2.3149E+00
   3.1938E+03  1.1578E+00  2.8778E+01  4.4832E+00
   2.9857E+03  1.1601E+00  2.9040E+01  2.7694E+00
   3.2053E+03  1.1589E+00  2.8806E+01  5.2167E+00
   2.9943E+03  1.1614E+00  2.9063E+01  3.2228E+00
   3.2152E+03  1.1599E+00  2.8830E+01  5.9485E+00
   3.0016E+03  1.1626E+00  2.9083E+01  3.6753E+00
   3.2238E+03  1.1608E+00  2.8851E+01  6.6790E+00
   3.0079E+03  1.1636E+00  2.9100E+01  4.1270E+00
   3.2315E+03  1.1616E+00  2.8870E+01  7.4084E+00
   3.0134E+03  1.1645E+00  2.9116E+01  4.5780E+00
   3.2383E+03  1.1623E+00  2.8886E+01  8.1367E+00
   3.0184E+03  1.1653E+00  2.9129E+01  5.0283E+00
   2.8639E+03  1.1342E+00  2.8189E+01  1.1998E-01
   2.7159E+03  1.1342E+00  2.8524E+01  7.3944E-02
   3.0210E+03  1.1473E+00  2.8560E+01  7.8395E-01
   2.8420E+03  1.1490E+00  2.8856E+01  4.8374E-01
   3.0748E+03  1.1524E+00  2.8689E+01  1.5474E+00
   2.8833E+03  1.1548E+00  2.8966E+01  9.5528E-01
   3.1052E+03  1.1554E+00  2.8762E+01  2.3043E+00
   2.9061E+03  1.1584E+00  2.9028E+01  1.4229E+00
   3.1262E+03  1.1576E+00  2.8813E+01  3.0571E+00
   2.9216E+03  1.1609E+00  2.9070E+01  1.8882E+00
   3.1421E+03  1.1593E+00  2.8851E+01  3.8071E+00
   2.9332E+03  1.1629E+00  2.9101E+01  2.3517E+00
   3.1549E+03  1.1607E+00  2.8882E+01  4.5549E+00
   2.9424E+03  1.1645E+00  2.9126E+01  2.8140E+00
   3.1655E+03  1.1619E+00  2.8908E+01  5.3009E+00
   2.9500E+03  1.1659E+00  2.9147E+01  3.2753E+00
   3.1746E+03  1.1630E+00  2.8930E+01  6.0455E+00
   2.9564E+03  1.1671E+00  2.9165E+01  3.7357E+00
   3.1825E+03  1.1639E+00  2.8949E+01  6.7888E+00
   2.9620E+03  1.1682E+00  2.9180E+01  4.1954E+00
   3.1895E+03  1.1647E+00  2.8966E+01  7.5310E+00
   2.9669E+03  1.1692E+00  2.9194E+01  4.6545E+00
   3.1957E+03  1.1655E+00  2.8982E+01  8.2723E+00
   2.9712E+03  1.1700E+00  2.9205E+01  5.1130E+00
   2.8428E+03  1.1360E+00  2.8313E+01  1.2140E-01
   2.6920E+03  1.1369E+00  2.8638E+01  7.4824E-02
   2.9925E+03  1.1497E+00  2.8667E+01  7.9440E-01
   2.8097E+03  1.1526E+00  2.8949E+01  4.9023E-01
   3.0430E+03  1.1550E+00  2.8788E+01  1.5690E+00
   2.8474E+03  1.1589E+00  2.9051E+01  9.6872E-01
   3.0713E+03  1.1582E+00  2.8857E+01  2.3373E+00
   2.8679E+03  1.1626E+00  2.9107E+01  1.4435E+00
   3.0908E+03  1.1605E+00  2.8904E+01  3.1019E+00
   2.8818E+03  1.1653E+00  2.9144E+01  1.9161E+00
   3.1056E+03  1.1623E+00  2.8940E+01  3.8637E+00
   2.8922E+03  1.1674E+00  2.9173E+01  2.3871E+00
   3.1173E+03  1.1638E+00  2.8968E+01  4.6235E+00
   2.9004E+03  1.1691E+00  2.9195E+01  2.8569E+00
   3.1271E+03  1.1651E+00  2.8992E+01  5.3817E+00
   2.9071E+03  1.1705E+00  2.9214E+01  3.3257E+00
   3.1354E+03  1.1661E+00  2.9012E+01  6.1384E+00
   2.9127E+03  1.1718E+00  2.9229E+01  3.7938E+00
   3.1426E+03  1.1671E+00  2.9030E+01  6.8941E+00
   2.9176E+03  1.1729E+00  2.9243E+01  4.2612E+00
   3.1490E+03  1.1680E+00  2.9045E+01  7.6487E+00
   2.9219E+03  1.1739E+00  2.9255E+01  4.7280E+00
   3.1547E+03  1.1687E+00  2.9059E+01  8.4024E+00
   2.9257E+03  1.1747E+00  2.9265E+01  5.1943E+00
   2.8224E+03  1.1378E+00  2.8421E+01  1.2275E-01
   2.6687E+03  1.1397E+00  2.8736E+01  7.5659E-02
   2.9648E+03  1.1522E+00  2.8759E+01  8.0437E-01
   2.7782E+03  1.1565E+00  2.9027E+01  4.9643E-01
   3.0122E+03  1.1578E+00  2.8873E+01  1.5897E+00
   2.8125E+03  1.1630E+00  2.9120E+01  9.8161E-01
   3.0386E+03  1.1612E+00  2.8937E+01  2.3690E+00
   2.8310E+03  1.1669E+00  2.9171E+01  1.4633E+00
   3.0567E+03  1.1636E+00  2.8980E+01  3.1448E+00
   2.8434E+03  1.1697E+00  2.9205E+01  1.9429E+00
   3.0703E+03  1.1654E+00  2.9013E+01  3.9181E+00
   2.8525E+03  1.1719E+00  2.9230E+01  2.4211E+00
   3.0811E+03  1.1670E+00  2.9040E+01  4.6894E+00
   2.8598E+03  1.1736E+00  2.9250E+01  2.8981E+00
   3.0901E+03  1.1683E+00  2.9061E+01  5.4592E+00
   2.8657E+03  1.1751E+00  2.9266E+01  3.3743E+00
   3.0977E+03  1.1694E+00  2.9080E+01  6.2278E+00
   2.8706E+03  1.1764E+00  2.9280E+01  3.8497E+00
   3.1043E+03  1.1704E+00  2.9096E+01  6.9952E+00
   2.8749E+03  1.1775E+00  2.9292E+01  4.3246E+00
   3.1101E+03  1.1713E+00  2.9110E+01  7.7618E+00
   2.8786E+03  1.1785E+00  2.9302E+01  4.7989E+00
   3.1152E+03  1.1721E+00  2.9123E+01  8.5275E+00
   2.8819E+03  1.1794E+00  2.9311E+01  5.2728E+00
   2.8026E+03  1.1398E+00  2.8516E+01  1.2403E-01
   2.6459E+03  1.1427E+00  2.8821E+01  7.6453E-02
   2.9381E+03  1.1548E+00  2.8838E+01  8.1392E-01
   2.7475E+03  1.1604E+00  2.9092E+01  5.0238E-01
   2.9825E+03  1.1607E+00  2.8945E+01  1.6095E+00
   2.7786E+03  1.1672E+00  2.9177E+01  9.9399E-01
   3.0070E+03  1.1642E+00  2.9004E+01  2.3995E+00
   2.7952E+03  1.1713E+00  2.9223E+01  1.4823E+00
   3.0238E+03  1.1667E+00  2.9044E+01  3.1861E+00
   2.8062E+03  1.1742E+00  2.9253E+01  1.9687E+00
   3.0363E+03  1.1686E+00  2.9075E+01  3.9703E+00
   2.8143E+03  1.1764E+00  2.9276E+01  2.4538E+00
   3.0462E+03  1.1702E+00  2.9099E+01  4.7528E+00
   2.8207E+03  1.1781E+00  2.9293E+01  2.9378E+00
   3.0544E+03  1.1715E+00  2.9119E+01  5.5338E+00
   2.8259E+03  1.1796E+00  2.9308E+01  3.4210E+00
   3.0614E+03  1.1727E+00  2.9136E+01  6.3137E+00
   2.8302E+03  1.1809E+00  2.9320E+01  3.9036E+00
   3.0674E+03  1.1737E+00  2.9151E+01  7.0925E+00
   2.8339E+03  1.1821E+00  2.9330E+01  4.3856E+00
   3.0727E+03  1.1746E+00  2.9164E+01  7.8705E+00
   2.8372E+03  1.1831E+00  2.9339E+01  4.8672E+00
   3.0774E+03  1.1754E+00  2.9175E+01  8.6478E+00
   2.8401E+03  1.1839E+00  2.9348E+01  5.3483E+00
   2.7834E+03  1.1418E+00  2.8599E+01  1.2525E-01
   2.6236E+03  1.1458E+00  2.8894E+01  7.7211E-02
   2.9122E+03  1.1575E+00  2.8906E+01  8.2308E-01
   2.7177E+03  1.1644E+00  2.9147E+01  5.0810E-01
   2.9538E+03  1.1636E+00  2.9006E+01  1.6286E+00
   2.7458E+03  1.1715E+00  2.9224E+01  1.0059E+00
   2.9766E+03  1.1672E+00  2.9061E+01  2.4288E+00
   2.7607E+03  1.1756E+00  2.9265E+01  1.5007E+00
   2.9921E+03  1.1698E+00  2.9098E+01  3.2258E+00
   2.7705E+03  1.1785E+00  2.9292E+01  1.9936E+00
   3.0036E+03  1.1718E+00  2.9126E+01  4.0206E+00
   2.7777E+03  1.1808E+00  2.9312E+01  2.4853E+00
   3.0128E+03  1.1734E+00  2.9148E+01  4.8138E+00
   2.7833E+03  1.1826E+00  2.9328E+01  2.9761E+00
   3.0203E+03  1.1747E+00  2.9167E+01  5.6056E+00
   2.7878E+03  1.1841E+00  2.9341E+01  3.4662E+00
   3.0266E+03  1.1759E+00  2.9182E+01  6.3964E+00
   2.7916E+03  1.1853E+00  2.9351E+01  3.9556E+00
   3.0321E+03  1.1770E+00  2.9196E+01  7.1862E+00
   2.7949E+03  1.1864E+00  2.9360E+01  4.4446E+00
   3.0369E+03  1.1779E+00  2.9208E+01  7.9752E+00
   2.7977E+03  1.1874E+00  2.9368E+01  4.9331E+00
   3.0412E+03  1.1787E+00  2.9218E+01  8.7636E+00
   2.8002E+03  1.1883E+00  2.9376E+01  5.4212E+00
   2.6213E+03  1.1640E+00  2.9064E+01  1.3516E-01
   2.4302E+03  1.1793E+00  2.9264E+01  8.3399E-02
   2.6982E+03  1.1843E+00  2.9246E+01  8.9882E-01
   2.4714E+03  1.2012E+00  2.9380E+01  5.5586E-01
   2.7197E+03  1.1912E+00  2.9297E+01  1.7865E+00
   2.4815E+03  1.2077E+00  2.9409E+01  1.1058E+00
   2.7308E+03  1.1950E+00  2.9323E+01  2.6713E+00
   2.4865E+03  1.2112E+00  2.9423E+01  1.6543E+00
   2.7380E+03  1.1976E+00  2.9340E+01  3.5545E+00
   2.4896E+03  1.2134E+00  2.9433E+01  2.2020E+00
   2.7432E+03  1.1995E+00  2.9353E+01  4.4365E+00
   2.4918E+03  1.2150E+00  2.9439E+01  2.7492E+00
   2.7473E+03  1.2010E+00  2.9363E+01  5.3178E+00
   2.4935E+03  1.2163E+00  2.9444E+01  3.2959E+00
   2.7505E+03  1.2022E+00  2.9371E+01  6.1984E+00
   2.4949E+03  1.2173E+00  2.9448E+01  3.8424E+00
   2.7532E+03  1.2033E+00  2.9377E+01  7.0785E+00
   2.4960E+03  1.2182E+00  2.9452E+01  4.3886E+00
   2.7555E+03  1.2042E+00  2.9383E+01  7.9582E+00
   2.4969E+03  1.2189E+00  2.9454E+01  4.9346E+00
   2.7575E+03  1.2049E+00  2.9388E+01  8.8375E+00
   2.4977E+03  1.2195E+00  2.9457E+01  5.4804E+00
   2.7593E+03  1.2056E+00  2.9392E+01  9.7165E+00
   2.4984E+03  1.2201E+00  2.9459E+01  6.0261E+00
   2.5019E+03  1.1846E+00  2.9229E+01  1.4241E-01
   2.2879E+03  1.2071E+00  2.9362E+01  8.8012E-02
   2.5495E+03  1.2049E+00  2.9340E+01  9.5428E-01
   2.3069E+03  1.2248E+00  2.9417E+01  5.9141E-01
   2.5616E+03  1.2109E+00  2.9368E+01  1.9014E+00
   2.3111E+03  1.2293E+00  2.9430E+01  1.1794E+00
   2.5676E+03  1.2140E+00  2.9382E+01  2.8468E+00
   2.3132E+03  1.2315E+00  2.9436E+01  1.7667E+00
   2.5714E+03  1.2160E+00  2.9391E+01  3.7912E+00
   2.3144E+03  1.2329E+00  2.9440E+01  2.3535E+00
   2.5742E+03  1.2175E+00  2.9397E+01  4.7350E+00
   2.3154E+03  1.2339E+00  2.9443E+01  2.9401E+00
   2.5762E+03  1.2186E+00  2.9402E+01  5.6784E+00
   2.3160E+03  1.2347E+00  2.9445E+01  3.5264E+00
   2.5779E+03  1.2195E+00  2.9406E+01  6.6214E+00
   2.3166E+03  1.2353E+00  2.9447E+01  4.1126E+00
   2.5793E+03  1.2203E+00  2.9410E+01  7.5642E+00
   2.3170E+03  1.2358E+00  2.9448E+01  4.6987E+00
   2.5805E+03  1.2209E+00  2.9413E+01  8.5067E+00
   2.3174E+03  1.2362E+00  2.9450E+01  5.2847E+00
   2.5815E+03  1.2215E+00  2.9415E+01  9.4490E+00
   2.3177E+03  1.2366E+00  2.9451E+01  5.8705E+00
   2.5823E+03  1.2220E+00  2.9417E+01  1.0391E+01
   2.3180E+03  1.2369E+00  2.9452E+01  6.4564E+00
   2.4131E+03  1.2008E+00  2.9296E+01  1.4799E-01
   2.1856E+03  1.2258E+00  2.9388E+01  9.1619E-02
   2.4447E+03  1.2189E+00  2.9369E+01  9.9617E-01
   2.1957E+03  1.2389E+00  2.9419E+01  6.1841E-01
   2.4523E+03  1.2238E+00  2.9386E+01  1.9874E+00
   2.1979E+03  1.2420E+00  2.9425E+01  1.2347E+00
   2.4560E+03  1.2262E+00  2.9395E+01  2.9774E+00
   2.1990E+03  1.2435E+00  2.9429E+01  1.8505E+00
   2.4583E+03  1.2278E+00  2.9400E+01  3.9669E+00
   2.1996E+03  1.2444E+00  2.9431E+01  2.4660E+00
   2.4600E+03  1.2289E+00  2.9404E+01  4.9560E+00
   2.2001E+03  1.2451E+00  2.9432E+01  3.0814E+00
   2.4613E+03  1.2297E+00  2.9407E+01  5.9447E+00
   2.2004E+03  1.2456E+00  2.9434E+01  3.6966E+00
   2.4623E+03  1.2304E+00  2.9410E+01  6.9333E+00
   2.2007E+03  1.2460E+00  2.9435E+01  4.3118E+00
   2.4631E+03  1.2310E+00  2.9412E+01  7.9216E+00
   2.2009E+03  1.2463E+00  2.9435E+01  4.9268E+00
   2.4638E+03  1.2314E+00  2.9414E+01  8.9098E+00
   2.2011E+03  1.2466E+00  2.9436E+01  5.5419E+00
   2.4644E+03  1.2319E+00  2.9415E+01  9.8979E+00
   2.2013E+03  1.2468E+00  2.9437E+01  6.1568E+00
   2.4649E+03  1.2322E+00  2.9416E+01  1.0886E+01
   2.2015E+03  1.2470E+00  2.9437E+01  6.7717E+00
   2.3458E+03  1.2129E+00  2.9327E+01  1.5240E-01
   2.1109E+03  1.2381E+00  2.9394E+01  9.4485E-02
   2.3683E+03  1.2286E+00  2.9378E+01  1.0286E+00
   2.1170E+03  1.2480E+00  2.9413E+01  6.3933E-01
   2.3736E+03  1.2326E+00  2.9390E+01  2.0536E+00
   2.1183E+03  1.2503E+00  2.9417E+01  1.2772E+00
   2.3761E+03  1.2345E+00  2.9396E+01  3.0777E+00
   2.1190E+03  1.2513E+00  2.9419E+01  1.9147E+00
   2.3777E+03  1.2357E+00  2.9400E+01  4.1014E+00
   2.1194E+03  1.2520E+00  2.9421E+01  2.5520E+00
   2.3788E+03  1.2366E+00  2.9402E+01  5.1248E+00
   2.1196E+03  1.2525E+00  2.9422E+01  3.1892E+00
   2.3796E+03  1.2373E+00  2.9404E+01  6.1480E+00
   2.1199E+03  1.2528E+00  2.9422E+01  3.8264E+00
   2.3803E+03  1.2378E+00  2.9406E+01  7.1710E+00
   2.1200E+03  1.2531E+00  2.9423E+01  4.4635E+00
   2.3809E+03  1.2382E+00  2.9408E+01  8.1939E+00
   2.1202E+03  1.2533E+00  2.9424E+01  5.1005E+00
   2.3813E+03  1.2386E+00  2.9409E+01  9.2167E+00
   2.1203E+03  1.2535E+00  2.9424E+01  5.7375E+00
   2.3818E+03  1.2389E+00  2.9410E+01  1.0239E+01
   2.1204E+03  1.2537E+00  2.9424E+01  6.3744E+00
   2.3821E+03  1.2392E+00  2.9411E+01  1.1262E+01
   2.1205E+03  1.2538E+00  2.9425E+01  7.0114E+00
   2.2936E+03  1.2219E+00  2.9342E+01  1.5594E-01
   2.0547E+03  1.2466E+00  2.9393E+01  9.6796E-02
   2.3107E+03  1.2356E+00  2.9380E+01  1.0544E+00
   2.0587E+03  1.2543E+00  2.9406E+01  6.5590E-01
   2.3145E+03  1.2389E+00  2.9389E+01  2.1059E+00
   2.0596E+03  1.2560E+00  2.9409E+01  1.3107E+00
   2.3164E+03  1.2405E+00  2.9393E+01  3.1567E+00
   2.0600E+03  1.2568E+00  2.9411E+01  1.9652E+00
   2.3176E+03  1.2415E+00  2.9396E+01  4.2073E+00
   2.0603E+03  1.2573E+00  2.9412E+01  2.6197E+00
   2.3184E+03  1.2422E+00  2.9398E+01  5.2576E+00
   2.0605E+03  1.2577E+00  2.9412E+01  3.2740E+00
   2.3190E+03  1.2427E+00  2.9400E+01  6.3077E+00
   2.0606E+03  1.2580E+00  2.9413E+01  3.9283E+00
   2.3195E+03  1.2431E+00  2.9401E+01  7.3578E+00
   2.0608E+03  1.2582E+00  2.9413E+01  4.5825E+00
   2.3199E+03  1.2435E+00  2.9402E+01  8.4077E+00
   2.0609E+03  1.2583E+00  2.9414E+01  5.2367E+00
   2.3202E+03  1.2437E+00  2.9403E+01  9.4576E+00
   2.0609E+03  1.2585E+00  2.9414E+01  5.8909E+00
   2.3205E+03  1.2440E+00  2.9404E+01  1.0507E+01
   2.0610E+03  1.2586E+00  2.9414E+01  6.5451E+00
   2.3208E+03  1.2442E+00  2.9405E+01  1.1557E+01
   2.0611E+03  1.2587E+00  2.9415E+01  7.1992E+00
   2.2523E+03  1.2288E+00  2.9349E+01  1.5885E-01
   2.0110E+03  1.2527E+00  2.9390E+01  9.8688E-02
   2.2658E+03  1.2408E+00  2.9380E+01  1.0753E+00
   2.0140E+03  1.2589E+00  2.9400E+01  6.6932E-01
   2.2688E+03  1.2436E+00  2.9387E+01  2.1481E+00
   2.0146E+03  1.2603E+00  2.9402E+01  1.3378E+00
   2.2703E+03  1.2449E+00  2.9390E+01  3.2205E+00
   2.0149E+03  1.2609E+00  2.9403E+01  2.0060E+00
   2.2712E+03  1.2457E+00  2.9392E+01  4.2927E+00
   2.0151E+03  1.2613E+00  2.9404E+01  2.6742E+00
   2.2718E+03  1.2463E+00  2.9394E+01  5.3646E+00
   2.0152E+03  1.2616E+00  2.9405E+01  3.3423E+00
   2.2723E+03  1.2468E+00  2.9395E+01  6.4364E+00
   2.0154E+03  1.2618E+00  2.9405E+01  4.0103E+00
   2.2727E+03  1.2471E+00  2.9396E+01  7.5082E+00
   2.0154E+03  1.2620E+00  2.9406E+01  4.6784E+00
   2.2730E+03  1.2474E+00  2.9397E+01  8.5798E+00
   2.0155E+03  1.2621E+00  2.9406E+01  5.3464E+00
   2.2732E+03  1.2476E+00  2.9398E+01  9.6514E+00
   2.0156E+03  1.2622E+00  2.9406E+01  6.0143E+00
   2.2735E+03  1.2479E+00  2.9398E+01  1.0723E+01
   2.0156E+03  1.2623E+00  2.9406E+01  6.6823E+00
   2.2737E+03  1.2480E+00  2.9399E+01  1.1794E+01
   2.0157E+03  1.2624E+00  2.9407E+01  7.3502E+00
   2.2188E+03  1.2341E+00  2.9353E+01  1.6126E-01
   1.9763E+03  1.2572E+00  2.9387E+01  1.0026E-01
   2.2299E+03  1.2448E+00  2.9378E+01  1.0925E+00
   1.9785E+03  1.2624E+00  2.9395E+01  6.8038E-01
   2.2324E+03  1.2472E+00  2.9384E+01  2.1830E+00
   1.9790E+03  1.2636E+00  2.9397E+01  1.3601E+00
   2.2336E+03  1.2483E+00  2.9387E+01  3.2731E+00
   1.9793E+03  1.2641E+00  2.9398E+01  2.0396E+00
   2.2343E+03  1.2491E+00  2.9388E+01  4.3629E+00
   1.9794E+03  1.2644E+00  2.9398E+01  2.7190E+00
   2.2348E+03  1.2496E+00  2.9390E+01  5.4526E+00
   1.9795E+03  1.2647E+00  2.9399E+01  3.3984E+00
   2.2352E+03  1.2500E+00  2.9391E+01  6.5423E+00
   1.9796E+03  1.2648E+00  2.9399E+01  4.0778E+00
   2.2355E+03  1.2503E+00  2.9392E+01  7.6318E+00
   1.9797E+03  1.2650E+00  2.9399E+01  4.7571E+00
   2.2358E+03  1.2505E+00  2.9392E+01  8.7213E+00
   1.9797E+03  1.2651E+00  2.9400E+01  5.4364E+00
   2.2360E+03  1.2507E+00  2.9393E+01  9.8107E+00
   1.9798E+03  1.2652E+00  2.9400E+01  6.1157E+00
   2.2362E+03  1.2509E+00  2.9394E+01  1.0900E+01
   1.9798E+03  1.2653E+00  2.9400E+01  6.7950E+00
   2.2363E+03  1.2510E+00  2.9394E+01  1.1989E+01
   1.9798E+03  1.2653E+00  2.9400E+01  7.4743E+00
   2.1913E+03  1.2383E+00  2.9355E+01  1.6330E-01
   1.9481E+03  1.2608E+00  2.9384E+01  1.0159E-01
   2.2007E+03  1.2479E+00  2.9376E+01  1.1069E+00
   1.9498E+03  1.2652E+00  2.9390E+01  6.8966E-01
   2.2027E+03  1.2501E+00  2.9381E+01  2.2122E+00
   1.9502E+03  1.2662E+00  2.9392E+01  1.3787E+00
   2.2037E+03  1.2511E+00  2.9383E+01  3.3170E+00
   1.9504E+03  1.2666E+00  2.9393E+01  2.0677E+00
   2.2043E+03  1.2517E+00  2.9385E+01  4.4217E+00
   1.9505E+03  1.2669E+00  2.9393E+01  2.7565E+00
   2.2047E+03  1.2522E+00  2.9386E+01  5.5263E+00
   1.9506E+03  1.2671E+00  2.9393E+01  3.4454E+00
   2.2051E+03  1.2525E+00  2.9387E+01  6.6308E+00
   1.9507E+03  1.2673E+00  2.9394E+01  4.1342E+00
   2.2053E+03  1.2528E+00  2.9388E+01  7.7352E+00
   1.9507E+03  1.2674E+00  2.9394E+01  4.8230E+00
   2.2055E+03  1.2530E+00  2.9388E+01  8.8396E+00
   1.9508E+03  1.2675E+00  2.9394E+01  5.5117E+00
   2.2057E+03  1.2532E+00  2.9389E+01  9.9439E+00
   1.9508E+03  1.2675E+00  2.9394E+01  6.2005E+00
   2.2059E+03  1.2533E+00  2.9389E+01  1.1048E+01
   1.9508E+03  1.2676E+00  2.9395E+01  6.8892E+00
   2.2060E+03  1.2535E+00  2.9390E+01  1.2152E+01
   1.9509E+03  1.2677E+00  2.9395E+01  7.5780E+00